00
00
00
00
00
00
00
00
00
00
00
00
00
00
00
00
00
00
00
00
00
00
00
00
00
00
00
00
00
00
00
00
00
00
00
00
00
00
00
00
00
00
00
00
00
00
00
00
85
4e
00
00
00
80
00
fe
fe
fe
fe
fe
fe
fe
fe
fe
fe
fe
fe
fe
fe
fe
fe
fe
fe
00
00
00
0b
00
01
0d
9d
1d
49
95
15
00
30
0b
03
08
08
fa
0b
40
52
70
01
40
fb
00
10
0a
19
f0
10
07
58
c0
48
59
49
88
38
1e
0b
58
10
30
40
40
05
02
72
01
09
01
00
05
52
88
01
40
01
00
05
6b
00
c0
03
00
56
7a
44
00
02
03
12
91
36
71
05
00
02
23
29
f0
31
16
0f
c0
01
00
00
11
79
10
64
e2
15
c2
03
12
91
00
ce
30
c0
2a
00
cd
04
40
12
8b
31
38
ee
01
63
55
01
61
4f
e0
1f
0b
00
09
49
09
0b
49
0b
08
08
0b
08
09
40
48
09
00
20
0b
00
0b
1c
00
14
05
01
f0
01
00
9c
0a
5f
ed
f7
00
7c
5b
f2
04
21
0a
40
df
02
70
00
04
06
77
00
ff
05
00
0a
01
69
00
00
cd
09
09
19
ed
52
01
70
34
03
00
02
51
2c
40
00
00
ff
20
01
91
10
20
03
19
10
20
08
d0
10
d3
20
91
19
10
06
08
10
0b
0b
d0
a2
08
10
00
00
61
5b
01
40
f0
82
0c
08
52
00
20
00
28
ac
05
0f
11
14
10
00
0a
05
aa
0e
05
ff
08
01
20
07
00
05
2c
00
63
79
00
fd
02
01
01
69
0d
69
a2
00
01
05
07
0c
10
f7
a4
00
00
70
fe
00
80
70
00
c0
70
47
09
ff
01
80
00
00
01
6d
04
10
06
ac
70
00
00
24
c5
1b
52
f7
ce
fb
00
09
68
20
08
ff
28
08
00
20
70
00
00
6f
61
20
0a
00
ff
01
02
00
00
00
01
00
00
03
89
02
31
00
54
1c
98
5e
9e
36
1b
18
10
30
aa
6d
ed
49
e4
21
ff
0c
10
5d
00
59
64
c5
00
44
20
3d
25
00
00
70
01
50
00
00
05
7a
2c
76
05
36
70
05
16
01
36
00
20
00
20
00
e0
76
00
28
30
b6
f6
12
1c
01
69
48
68
28
01
0c
00
01
12
01
00
00
0a
0a
00
00
80
c0
00
00
80
c0
00
00
00
91
01
01
01
02
83
01
19
c0
10
00
00
ff
01
00
ff
01
00
10
00
70
00
81
11
70
00
00
ff
01
10
48
00
00
70
10
08
01
08
08
88
08
88
08
88
08
8a
28
10
ff
30
73
00
00
00
70
00
04
10
62
e2
0b
00
4b
01
1a
01
04
cb
01
1a
01
10
4b
01
1a
01
40
a0
07
00
06
60
80
00
01
00
00
d2
01
00
01
10
00
d0
50
e1
00
02
aa
00
00
02
10
02
10
02
10
82
10
42
88
08
02
12
00
70
00
01
00
70
ff
ff
ff
05
6c
3a
e6
14
10
6f
61
20
72
00
00
0a
30
30
9a
00
04
ff
06
ec
00
30
d6
2b
62
04
66
da
da
00
2e
00
10
06
30
70
00
0d
09
60
29
f6
00
60
00
32
36
61
65
00
04
64
4e
00
10
70
04
09
0a
25
61
1b
53
04
29
28
58
63
08
0f
09
12
1a
28
00
11
ff
0d
ed
03
7e
01
be
01
94
02
00
64
00
70
04
00
04
02
ff
21
ff
10
00
00
00
00
00
00
00
00
00
73
00
